"date","confirmed","confirmed_cum","deaths","deaths_cum","tests","tests_cum","positives","positives_cum","recovered","recovered_cum","hosp","hosp_cum","icu","icu_cum","vent","vent_cum","vaccines","vaccines_cum"
2022-02-01,29580,2227660,77,3821,92547,61151036,29580,2227660,0,311270,7,4954,3,374,17,132,262036,49926171
2022-02-02,37444,2265104,70,3891,130347,61281383,37444,2265104,0,311270,-289,4665,-26,348,1,133,266736,50192907
2022-02-03,41168,2306272,84,3975,110188,61391571,41168,2306272,0,311270,-71,4594,-32,316,-7,126,256965,50449872
2022-02-04,28815,2335087,84,4059,100240,61491811,28815,2335087,0,311270,-145,4449,-1,315,7,133,254407,50704279
2022-02-05,24682,2359769,83,4142,106001,61597812,24682,2359769,0,311270,-194,4255,-12,303,-4,129,248477,50952756
2022-02-06,21389,2381158,46,4188,88170,61685982,21389,2381158,0,311270,-108,4147,-17,286,-6,123,128581,51081337
2022-02-07,20595,2401753,46,4234,82525,61768507,20595,2401753,0,311270,-231,3916,-12,274,-8,115,70718,51152055
2022-02-08,24661,2426414,55,4289,86132,61854639,24661,2426414,0,311270,-115,3801,-3,271,1,116,217265,51369320
2022-02-09,27748,2454162,70,4359,113891,61968530,27748,2454162,0,311270,-213,3588,3,274,-2,114,221125,51590445
2022-02-10,26591,2480753,58,4417,94636,62063166,26591,2480753,0,311270,-174,3414,-7,267,-8,106,215521,51805966
2022-02-11,23982,2504735,51,4468,94999,62158165,23982,2504735,0,311270,-120,3294,-11,256,-7,99,202530,52008496
2022-02-12,19931,2524666,65,4533,77763,62235928,19931,2524666,0,311270,-168,3126,1,257,-5,94,203969,52212465
2022-02-13,21407,2546073,47,4580,82504,62318432,21407,2546073,0,311270,-116,3010,-34,223,-8,86,109070,52321535
2022-02-14,17052,2563125,25,4605,71992,62390424,17052,2563125,0,311270,59,3069,8,231,6,92,49887,52371422
2022-02-15,21003,2584128,50,4655,57711,62448135,21003,2584128,0,311270,-120,2949,-9,222,-4,88,170278,52541700
2022-02-16,15590,2599718,64,4719,102972,62551107,15590,2599718,0,311270,-211,2738,1,223,-2,86,157068,52698768
2022-02-17,34462,2634180,66,4785,105258,62656365,34462,2634180,0,311270,-61,2677,1,224,1,87,160271,52859039
2022-02-18,22375,2656555,40,4825,89883,62746248,22375,2656555,0,311270,-149,2528,-16,208,-3,84,151720,53010759
2022-02-19,19163,2675718,45,4870,79118,62825366,19163,2675718,0,311270,-91,2437,-18,190,-6,78,156810,53167569
2022-02-20,15296,2691014,33,4903,66652,62892018,15296,2691014,0,311270,-45,2392,-6,184,-6,72,88029,53255598
2022-02-21,14854,2705868,17,4920,50719,62942737,14854,2705868,0,311270,24,2416,-5,179,-4,68,41619,53297217
2022-02-22,19762,2725630,37,4957,82207,63024944,19762,2725630,0,311270,-1,2415,-8,171,-14,54,141967,53439184
2022-02-23,24286,2749916,61,5018,100703,63125647,24286,2749916,0,311270,-93,2322,1,172,-3,51,133500,53572684
2022-02-24,22264,2772180,42,5060,89532,63215179,22264,2772180,0,311270,-136,2186,-13,159,-4,47,125035,53697719
2022-02-25,21442,2793622,29,5089,100549,63315728,21442,2793622,0,311270,-114,2072,0,159,0,47,124697,53822416
2022-02-26,19234,2812856,35,5124,78661,63394389,19234,2812856,0,311270,-47,2025,-9,150,-3,44,123107,53945523
2022-02-27,16315,2829171,27,5151,70824,63465213,16315,2829171,0,311270,-30,1995,-9,141,-5,39,67202,54012725
2022-02-28,16653,2845824,12,5163,58369,63523582,16653,2845824,0,311270,8,2003,-5,136,-3,36,30858,54043583
2022-03-01,21197,2867021,41,5204,69785,63593367,21197,2867021,0,311270,-63,1940,-5,131,0,36,103432,54147015
2022-03-02,25305,2892326,61,5265,98154,63691521,25305,2892326,0,311270,-36,1904,-10,121,-5,31,91405,54238420
2022-03-03,28377,2920703,47,5312,94936,63786457,28377,2920703,0,311270,-67,1837,-3,118,-2,29,87550,54325970
2022-03-04,25031,2945734,38,5350,92085,63878542,25031,2945734,0,311270,-84,1753,-6,112,4,33,87444,54413414
2022-03-05,23372,2969106,52,5402,80346,63958888,23372,2969106,0,311270,-1,1752,0,112,2,35,92169,54505583
2022-03-06,20134,2989240,13,5415,70039,64028927,20134,2989240,0,311270,-15,1737,1,113,-3,32,51889,54557472
2022-03-07,21522,3010762,33,5448,65023,64093950,21522,3010762,0,311270,72,1809,4,117,-1,31,22939,54580411
2022-03-08,28432,3039194,17,5465,71498,64165448,28432,3039194,0,311270,-21,1788,-5,112,-2,29,78829,54659240
2022-03-09,30717,3069911,34,5499,99999,64265447,30717,3069911,0,311270,-51,1737,0,112,-2,27,90527,54749767
2022-03-10,34979,3104890,22,5521,108255,64373702,34979,3104890,0,311270,-49,1688,-1,111,-2,25,91390,54841157
2022-03-11,32028,3136918,30,5551,96378,64470080,32028,3136918,0,311270,1,1689,-10,101,1,26,92914,54934071
2022-03-12,29030,3165948,22,5573,85042,64555122,29030,3165948,0,311270,-4,1685,-4,97,-1,25,107936,55042007
2022-03-13,27117,3193065,16,5589,85585,64640707,27117,3193065,0,311270,17,1702,11,108,6,31,72514,55114521
2022-03-14,23702,3216767,4,5593,69645,64710352,23702,3216767,0,311270,25,1727,4,112,-7,24,34594,55149115
2022-03-15,29638,3246405,25,5618,77557,64787909,29638,3246405,0,311270,74,1801,-7,105,3,27,74424,55223539
2022-03-16,282885,3529290,23,5641,102020,64889929,282885,3529290,0,311270,11,1812,0,105,-3,24,97497,55321036
2022-03-17,51287,3580577,26,5667,121039,65010968,51287,3580577,0,311270,43,1855,-9,96,2,26,94165,55415201
2022-03-18,49770,3630347,29,5696,101292,65112260,49770,3630347,0,311270,0,1855,-4,92,-1,25,92821,55508022
2022-03-19,45411,3675758,28,5724,109584,65221844,45411,3675758,0,311270,48,1903,-7,85,-2,23,100896,55608918
2022-03-20,41830,3717588,9,5733,103016,65324860,41830,3717588,0,311270,40,1943,3,88,3,26,71177,55680095
2022-03-21,39372,3756960,6,5739,81998,65406858,39372,3756960,0,311270,103,2046,-1,87,-3,23,36546,55716641
2022-03-22,50888,3807848,27,5766,39617,65446475,50888,3807848,0,311270,61,2107,10,97,-1,22,70283,55786924
2022-03-23,60333,3868181,26,5792,146305,65592780,60333,3868181,0,311270,-3,2104,-2,95,-2,20,102115,55889039
2022-03-24,62771,3930952,36,5828,113852,65706632,62771,3930952,0,311270,45,2149,7,102,-2,18,72877,55961916
2022-03-25,59998,3990950,26,5854,129628,65836260,59998,3990950,0,311270,3,2152,-6,96,3,21,80472,56042388
2022-03-26,52350,4043300,31,5885,117569,65953829,52350,4043300,0,311270,7,2159,4,100,0,21,86526,56128914
2022-03-27,48136,4091436,11,5896,115747,66069576,48136,4091436,0,311270,17,2176,2,102,4,25,60822,56189736
2022-03-28,45865,4137301,6,5902,108640,66178216,45865,4137301,0,311270,125,2301,12,114,1,26,30417,56220153
2022-03-29,58750,4196051,31,5933,98142,66276358,58750,4196051,0,311270,63,2364,5,119,2,28,73431,56293584
2022-03-30,67051,4263102,34,5967,140083,66416441,67051,4263102,0,311270,82,2446,-17,102,-5,23,65855,56359439
2022-03-31,63685,4326787,32,5999,129771,66546212,63685,4326787,0,311270,46,2492,-11,91,4,27,62616,56422055
2022-04-01,60948,4387735,16,6015,133814,66680026,60948,4387735,0,311270,41,2533,-3,88,-4,23,62043,56484098
2022-04-02,55736,4443471,26,6041,108184,66788210,55736,4443471,0,311270,-11,2522,7,95,2,25,62216,56546314
2022-04-03,48707,4492178,17,6058,99040,66887250,48707,4492178,0,311270,59,2581,8,103,3,28,40750,56587064
2022-04-04,47424,4539602,14,6072,97613,66984863,47424,4539602,0,311270,118,2699,4,107,0,28,20464,56607528
2022-04-05,58191,4597793,38,6110,100734,67085597,58191,4597793,0,311270,137,2836,7,114,1,29,57638,56665166
2022-04-06,61131,4658924,27,6137,135628,67221225,61131,4658924,0,311270,-25,2811,-6,108,1,30,54812,56719978
2022-04-07,61637,4720561,33,6170,130449,67351674,61637,4720561,0,311270,-65,2746,-6,102,-4,26,53893,56773871
2022-04-08,59933,4780494,31,6201,126246,67477920,59933,4780494,0,311270,72,2818,-9,93,-2,24,53068,56826939
2022-04-09,50545,4831039,24,6225,106065,67583985,50545,4831039,0,311270,26,2844,11,104,5,29,56019,56882958
2022-04-10,46527,4877566,14,6239,96658,67680643,46527,4877566,0,311270,97,2941,9,113,1,30,26116,56909074
2022-04-11,43195,4920761,5,6244,81557,67762200,43195,4920761,0,311270,151,3092,8,121,2,32,14491,56923565
2022-04-12,45665,4966426,40,6284,85432,67847632,45665,4966426,0,311270,53,3145,9,130,3,35,65060,56988625
2022-04-13,52588,5019014,39,6323,112185,67959817,52588,5019014,0,311270,2,3147,-4,126,-1,34,56680,57045305
2022-04-14,54350,5073364,45,6368,113106,68072923,54350,5073364,0,311270,-9,3138,0,126,-1,33,54554,57099859
2022-04-15,49508,5122872,34,6402,100387,68173310,49508,5122872,0,311270,-156,2982,0,126,-4,29,58114,57157973
2022-04-16,42996,5165868,35,6437,86100,68259410,42996,5165868,0,311270,20,3002,10,136,5,34,4558,57162531
2022-04-17,34371,5200239,17,6454,55209,68314619,34371,5200239,0,311270,67,3069,-6,130,0,34,11615,57174146
2022-04-18,40979,5241218,10,6464,59415,68374034,40979,5241218,0,311270,109,3178,10,140,4,38,3092,57177238
2022-04-19,36582,5277800,18,6482,64915,68438949,36582,5277800,0,311270,98,3276,4,144,0,38,6503,57183741
2022-04-20,42334,5320134,38,6520,82143,68521092,42334,5320134,0,311270,53,3329,17,161,5,43,63039,57246780
2022-04-21,54292,5374426,50,6570,105550,68626642,54292,5374426,0,311270,-9,3320,-15,146,-2,41,63946,57310726
2022-04-22,50194,5424620,46,6616,98973,68725615,50194,5424620,0,311270,-84,3236,-12,134,-8,33,64936,57375662
2022-04-23,42840,5467460,44,6660,84114,68809729,42840,5467460,0,311270,-26,3210,0,134,0,33,64142,57439804
2022-04-24,37099,5504559,21,6681,69885,68879614,37099,5504559,0,311270,-58,3152,1,135,1,34,28189,57467993
2022-04-25,31250,5535809,17,6698,56501,68936115,31250,5535809,0,311270,37,3189,-3,132,2,36,12056,57480049
2022-04-26,35345,5571154,49,6747,62993,68999108,35345,5571154,0,311270,102,3291,9,141,0,36,4465,57484514
2022-04-27,42853,5614007,46,6793,74406,69073514,42853,5614007,0,311270,100,3391,1,142,2,38,64448,57548962
2022-04-28,45448,5659455,50,6843,99013,69172527,45448,5659455,0,311270,-61,3330,7,149,-3,35,60526,57609488
2022-04-29,44935,5704390,26,6869,92434,69264961,44935,5704390,0,311270,-161,3169,-12,137,-5,30,58350,57667838
2022-04-30,37965,5742355,53,6922,80144,69345105,37965,5742355,0,311270,8,3177,2,139,-2,28,58632,57726470
2022-05-01,33210,5775565,15,6937,71465,69416570,33210,5775565,0,311270,-78,3099,10,149,3,31,24538,57751008
2022-05-02,31749,5807314,13,6950,60572,69477142,31749,5807314,0,311270,119,3218,-13,136,3,34,8815,57759823
2022-05-03,35171,5842485,41,6991,66790,69543932,35171,5842485,0,311270,-130,3088,7,143,2,36,43532,57803355
2022-05-04,226552,6069037,56,7047,89486,69633418,226552,6069037,0,311270,16,3104,-1,142,-4,32,56737,57860092
2022-05-05,53923,6122960,56,7103,103174,69736592,53923,6122960,0,311270,27,3131,-9,133,4,36,61296,57921388
2022-05-06,42139,6165099,30,7133,78906,69815498,42139,6165099,0,311270,-6,3125,-6,127,-4,32,64569,57985957
2022-05-07,42412,6207511,44,7177,84211,69899709,42412,6207511,0,311270,-54,3071,3,130,-2,30,61835,58047792
2022-05-08,35580,6243091,19,7196,71113,69970822,35580,6243091,0,311270,2,3073,1,131,1,31,20917,58068709
2022-05-09,39275,6282366,3,7199,69927,70040749,39275,6282366,0,311270,66,3139,-2,129,-3,28,6588,58075297
2022-05-10,46140,6328506,49,7248,77001,70117750,46140,6328506,0,311270,29,3168,-6,123,3,31,58765,58134062
2022-05-11,56259,6384765,51,7299,108313,70226063,56259,6384765,0,311270,-66,3102,-9,114,-4,27,66015,58200077
2022-05-12,57783,6442548,55,7354,102967,70329030,57783,6442548,0,311270,-98,3004,8,122,1,28,66735,58266812
2022-05-13,54998,6497546,52,7406,104262,70433292,54998,6497546,0,311270,-71,2933,1,123,-1,27,68188,58335000
2022-05-14,48417,6545963,53,7459,88971,70522263,48417,6545963,0,311270,23,2956,-2,121,-1,26,61952,58396952
2022-05-15,42179,6588142,21,7480,74850,70597113,42179,6588142,0,311270,32,2988,8,129,-1,25,20756,58417708
2022-05-16,43209,6631351,13,7493,79456,70676569,43209,6631351,0,311270,113,3101,9,138,1,26,9513,58427221
2022-05-17,51182,6682533,66,7559,79066,70755635,51182,6682533,0,311270,61,3162,-7,131,1,27,60644,58487865
2022-05-18,70189,6752722,53,7612,107952,70863587,70189,6752722,0,311270,-28,3134,3,134,-1,26,66565,58554430
2022-05-19,55002,6807724,52,7664,108472,70972059,55002,6807724,0,311270,-148,2986,-13,121,0,26,69559,58623989
2022-05-20,50123,6857847,51,7715,96715,71068774,50123,6857847,0,311270,-95,2891,-3,118,0,26,69861,58693850
2022-05-21,47237,6905084,46,7761,84189,71152963,47237,6905084,0,311270,-62,2829,-11,107,-3,23,62514,58756364
2022-05-22,38668,6943752,20,7781,66110,71219073,38668,6943752,0,311270,15,2844,1,108,-3,20,19841,58776205
2022-05-23,36051,6979803,17,7798,67041,71286114,36051,6979803,0,311270,68,2912,-1,107,-1,19,8418,58784623
2022-05-24,41051,7020854,68,7866,73842,71359956,41051,7020854,0,311270,15,2927,10,117,-1,18,55409,58840032
2022-05-25,45434,7066288,41,7907,95254,71455210,45434,7066288,0,311270,-38,2889,-9,108,-2,16,62470,58902502
2022-05-26,46372,7112660,71,7978,108499,71563709,46372,7112660,0,311270,16,2905,-7,101,4,20,62285,58964787
2022-05-27,39327,7151987,39,8017,95916,71659625,39327,7151987,0,311270,-42,2863,-1,100,-2,18,63760,59028547
2022-05-28,33708,7185695,58,8075,77244,71736869,33708,7185695,0,311270,-148,2715,-8,92,-3,15,60404,59088951
2022-05-29,27349,7213044,30,8105,35620,71772489,27349,7213044,0,311270,-3,2712,-2,90,-3,12,21645,59110596
2022-05-30,27242,7240286,10,8115,80849,71853338,27242,7240286,0,311270,62,2774,7,97,2,14,8552,59119148
2022-05-31,31761,7272047,56,8171,65952,71919290,31761,7272047,0,311270,3,2777,-5,92,3,17,53489,59172637
2022-06-01,35736,7307783,37,8208,85882,72005172,35736,7307783,0,311270,-91,2686,-5,87,-1,16,59556,59232193
2022-06-02,34193,7341976,57,8265,79867,72085039,34193,7341976,0,311270,-116,2570,-1,86,0,16,59985,59292178
2022-06-03,31955,7373931,50,8315,78199,72163238,31955,7373931,0,311270,153,2723,1,87,4,20,59771,59351949
2022-06-04,28740,7402671,60,8375,64630,72227868,28740,7402671,0,311270,-63,2660,-2,85,-2,18,54928,59406877
2022-06-05,23439,7426110,30,8405,52079,72279947,23439,7426110,0,311270,29,2689,4,89,-2,16,17823,59424700
2022-06-06,17249,7443359,19,8424,43580,72323527,17249,7443359,0,311270,67,2756,5,94,2,18,6703,59431403
2022-06-07,29309,7472668,29,8453,57148,72380675,29309,7472668,0,311270,48,2804,-7,87,-2,16,44468,59475871
2022-06-08,32165,7504833,59,8512,83718,72464393,32165,7504833,0,311270,-26,2778,13,100,5,21,56172,59532043
2022-06-09,33179,7538012,59,8571,86455,72550848,33179,7538012,0,311270,-34,2744,2,102,-2,19,52998,59585041
2022-06-10,30592,7568604,41,8612,74331,72625179,30592,7568604,0,311270,-37,2707,-1,101,0,19,55129,59640170
2022-06-11,25787,7594391,70,8682,66915,72692094,25787,7594391,0,311270,-51,2656,-6,95,-1,18,46309,59686479
2022-06-12,20843,7615234,24,8706,52635,72744729,20843,7615234,0,311270,26,2682,1,96,-1,17,14697,59701176
2022-06-13,19578,7634812,11,8717,37779,72782508,19578,7634812,0,311270,51,2733,-10,86,2,19,6211,59707387
2022-06-14,21764,7656576,30,8747,44082,72826590,21764,7656576,0,311270,118,2851,16,102,2,21,14971,59722358
2022-06-15,31030,7687606,57,8804,73904,72900494,31030,7687606,0,311270,36,2887,2,104,1,22,51290,59773648
2022-06-16,32100,7719706,73,8877,78719,72979213,32100,7719706,0,311270,-69,2818,-7,97,4,26,49650,59823298
2022-06-17,30366,7750072,51,8928,82346,73061559,30366,7750072,0,311270,-1,2817,-4,93,1,27,50262,59873560
2022-06-18,27029,7777101,64,8992,60141,73121700,27029,7777101,0,311270,-2,2815,10,103,0,27,42747,59916307
2022-06-19,22162,7799263,42,9034,53840,73175540,22162,7799263,0,311270,90,2905,9,112,3,30,16473,59932780
2022-06-20,23441,7822704,13,9047,55756,73231296,23441,7822704,0,311270,101,3006,1,113,1,31,5279,59938059
2022-06-21,29352,7852056,59,9106,56601,73287897,29352,7852056,0,311270,49,3055,-8,105,-7,24,40396,59978455
2022-06-22,31130,7883186,63,9169,82398,73370295,31130,7883186,0,311270,-33,3022,-2,103,2,26,45912,60024367
2022-06-23,31871,7915057,52,9221,68285,73438580,31871,7915057,0,311270,21,3043,5,108,2,28,43042,60067409
2022-06-24,31372,7946429,46,9267,71562,73510142,31372,7946429,0,311270,-76,2967,2,110,-4,24,45251,60112660
2022-06-25,28493,7974922,56,9323,62694,73572836,28493,7974922,0,311270,79,3046,-7,103,-1,23,39089,60151749
2022-06-26,23690,7998612,26,9349,52416,73625252,23690,7998612,0,311270,72,3118,4,107,-3,20,12177,60163926
2022-06-27,23935,8022547,23,9372,131229,73756481,23935,8022547,0,311270,15,3133,4,111,4,24,5291,60169217
2022-06-28,30452,8052999,75,9447,57500,73813981,30452,8052999,0,311270,143,3276,12,123,-2,22,34262,60203479
2022-06-29,34642,8087641,59,9506,84613,73898594,34642,8087641,0,311270,-52,3224,-15,108,-4,18,39092,60242571
2022-06-30,44572,8132213,60,9566,68697,73967291,44572,8132213,0,311270,43,3267,-10,98,-1,17,37054,60279625
2022-07-01,24614,8156827,33,9599,75074,74042365,24614,8156827,0,311270,5,3272,8,106,2,19,37031,60316656
2022-07-02,32710,8189537,54,9653,32309,74074674,32710,8189537,0,311270,57,3329,5,111,-2,17,31253,60347909
2022-07-03,30355,8219892,30,9683,25741,74100415,30355,8219892,0,311270,86,3415,-5,106,0,17,9363,60357272
2022-07-04,30831,8250723,26,9709,106222,74206637,30831,8250723,0,311270,96,3511,12,118,6,23,3608,60360880
2022-07-05,40615,8291338,46,9755,126574,74333211,40615,8291338,0,311270,229,3740,6,124,1,24,31769,60392649
2022-07-06,36570,8327908,44,9799,80827,74414038,36570,8327908,0,311270,41,3781,14,138,-2,22,38762,60431411
2022-07-07,43840,8371748,60,9859,78290,74492328,43840,8371748,0,311270,118,3899,3,141,3,25,40758,60472169
2022-07-08,42069,8413817,35,9894,78316,74570644,42069,8413817,0,311270,78,3977,0,141,3,28,48927,60521096
2022-07-09,37294,8451111,77,9971,66822,74637466,37294,8451111,0,311270,47,4024,-7,134,3,31,60079,60581175
2022-07-10,31364,8482475,13,9984,48250,74685716,31364,8482475,0,311270,70,4094,-1,133,-3,28,20750,60601925
2022-07-11,29362,8511837,13,9997,61969,74747685,29362,8511837,0,311270,233,4327,-2,131,-2,26,8090,60610015
2022-07-12,40036,8551873,58,10055,72954,74820639,40036,8551873,0,311270,141,4468,-4,127,2,28,101080,60711095
2022-07-13,44246,8596119,57,10112,73889,74894528,44246,8596119,0,311270,9,4477,10,137,-2,26,119985,60831080
2022-07-14,47577,8643696,78,10190,90566,74985094,47577,8643696,0,311270,35,4512,2,139,3,29,117179,60948259
2022-07-15,43417,8687113,66,10256,14115,74999209,43417,8687113,0,311270,90,4602,5,144,-4,25,118101,61066360
2022-07-16,40371,8727484,77,10333,66361,75065570,40371,8727484,0,311270,131,4733,6,150,0,25,118405,61184765
2022-07-17,37939,8765423,30,10363,63602,75129172,37939,8765423,0,311270,-14,4719,5,155,-1,24,49996,61234761
2022-07-18,36769,8802192,31,10394,72772,75201944,36769,8802192,0,311270,282,5001,0,155,2,26,21172,61255933
2022-07-19,48160,8850352,75,10469,74080,75276024,48160,8850352,0,311270,238,5239,3,158,2,28,103544,61359477
2022-07-20,49729,8900081,90,10559,97714,75373738,49729,8900081,0,311270,118,5357,11,169,-2,26,111753,61471230
2022-07-21,66724,8966805,89,10648,91945,75465683,66724,8966805,0,311270,3,5360,-7,162,-2,24,107712,61578942
2022-07-22,53148,9019953,63,10711,93081,75558764,53148,9019953,0,311270,-53,5307,-3,159,-1,23,108802,61687744
2022-07-23,45131,9065084,102,10813,68964,75627728,45131,9065084,0,311270,-56,5251,-1,158,0,23,106743,61794487
2022-07-24,38051,9103135,36,10849,69230,75696958,38051,9103135,0,311270,111,5362,-11,147,0,23,43852,61838339
2022-07-25,35900,9139035,32,10881,78316,75775274,35900,9139035,0,311270,71,5433,13,160,2,25,-354448,61483891
2022-07-26,46590,9185625,100,10981,70111,75845385,46590,9185625,0,311270,138,5571,5,165,3,28,0,61483891
2022-07-27,49380,9235005,83,11064,96880,75942265,49380,9235005,0,311270,-207,5364,-20,145,-2,26,0,61483891
2022-07-28,44995,9280000,125,11189,96258,76038523,44995,9280000,0,311270,-119,5245,19,164,0,26,0,61483891
2022-07-29,46634,9326634,157,11346,106928,76145451,46634,9326634,0,311270,-141,5104,-3,161,4,30,0,61483891
2022-07-30,49786,9376420,140,11486,30089,76175540,49786,9376420,0,311270,-92,5012,5,166,1,31,0,61483891
2022-07-31,29776,9406196,41,11527,122220,76297760,29776,9406196,0,311270,-87,4925,3,169,2,33,0,61483891
2022-08-01,34226,9440422,19,11546,94236,76391996,34226,9440422,0,311270,67,4992,10,179,-1,32,0,61483891
2022-08-02,35750,9476172,95,11641,56877,76448873,35750,9476172,0,311270,10,5002,5,184,2,34,0,61483891
2022-08-03,40991,9517163,65,11706,105918,76554791,40991,9517163,0,311270,-141,4861,-22,162,2,36,0,61483891
2022-08-04,37208,9554371,85,11791,71394,76626185,37208,9554371,0,311270,-159,4702,-1,161,6,42,0,61483891
2022-08-05,34601,9588972,82,11873,86167,76712352,34601,9588972,0,311270,-89,4613,-6,155,1,43,0,61483891
2022-08-06,28690,9617662,88,11961,73810,76786162,28690,9617662,0,311270,-130,4483,-6,149,-21,22,0,61483891
2022-08-07,22840,9640502,32,11993,61928,76848090,22840,9640502,0,311270,-52,4431,10,159,4,26,0,61483891
2022-08-08,17573,9658075,15,12008,52818,76900908,17573,9658075,0,311270,53,4484,-5,154,-4,22,0,61483891
2022-08-09,26543,9684618,104,12112,62390,76963298,26543,9684618,0,311270,127,4611,-13,141,0,22,0,61483891
2022-08-10,27279,9711897,133,12245,82059,77045357,27279,9711897,0,311270,-268,4343,-14,127,4,26,0,61483891
2022-08-11,25285,9737182,87,12332,88812,77134169,25285,9737182,0,311270,-69,4274,8,135,4,30,0,61483891
2022-08-12,22958,9760140,86,12418,64785,77198954,22958,9760140,0,311270,-176,4098,5,140,-4,26,0,61483891
2022-08-13,20147,9780287,89,12507,61846,77260800,20147,9780287,0,311270,-117,3981,-3,137,2,28,0,61483891
2022-08-14,15722,9796009,34,12541,71223,77332023,15722,9796009,0,311270,10,3991,2,139,-3,25,0,61483891
2022-08-15,14497,9810506,27,12568,23894,77355917,14497,9810506,0,311270,22,4013,-1,138,0,25,0,61483891
2022-08-16,19783,9830289,73,12641,50136,77406053,19783,9830289,0,311270,-31,3982,2,140,5,30,0,61483891
2022-08-17,20701,9850990,67,12708,69609,77475662,20701,9850990,0,311270,-175,3807,-18,122,-4,26,0,61483891
2022-08-18,19709,9870699,135,12843,71473,77547135,19709,9870699,0,311270,-81,3726,0,122,2,28,0,61483891
2022-08-19,16955,9887654,73,12916,62002,77609137,16955,9887654,0,311270,-105,3621,-3,119,-5,23,0,61483891
2022-08-20,15297,9902951,97,13013,53925,77663062,15297,9902951,0,311270,-144,3477,8,127,4,27,0,61483891
2022-08-21,10214,9913165,36,13049,36065,77699127,10214,9913165,0,311270,-44,3433,-15,112,1,28,0,61483891
2022-08-22,11193,9924358,11,13060,46510,77745637,11193,9924358,0,311270,-4,3429,-8,104,-5,23,0,61483891
2022-08-23,9398,9933756,96,13156,43986,77789623,9398,9933756,0,311270,24,3453,-2,102,-2,21,0,0
2022-08-24,16054,9949810,60,13216,64567,77854190,16054,9949810,0,311270,-129,3324,-6,96,-6,15,0,0
2022-08-25,13377,9963187,83,13299,61251,77915441,13377,9963187,0,311270,-87,3237,-1,95,4,19,0,0
2022-08-26,13380,9976567,62,13361,52581,77968022,13380,9976567,0,311270,-127,3110,0,95,0,19,0,0
2022-08-27,11370,9987937,86,13447,44020,78012042,11370,9987937,0,311270,-23,3087,2,97,-3,16,0,0
2022-08-28,9292,9997229,15,13462,36547,78048589,9292,9997229,0,311270,-77,3010,-2,95,1,17,0,0
2022-08-29,8594,10005823,11,13473,24955,78073544,8594,10005823,0,311270,26,3036,0,95,-3,14,0,0
2022-08-30,12190,10018013,77,13550,49713,78123257,12190,10018013,0,311270,-32,3004,-9,86,3,17,0,0
2022-08-31,13108,10031121,69,13619,58172,78181429,13108,10031121,0,311270,-67,2937,-2,84,2,19,0,0
2022-09-01,11711,10042832,62,13681,51773,78233202,11711,10042832,0,311270,-74,2863,-10,74,1,20,0,0
2022-09-02,10612,10053444,58,13739,47639,78280841,10612,10053444,0,311270,-98,2765,2,76,0,20,0,0
2022-09-03,7581,10061025,39,13778,10983,78291824,7581,10061025,0,311270,-47,2718,3,79,3,23,0,0
2022-09-04,5839,10066864,14,13792,11908,78303732,5839,10066864,0,311270,-17,2701,5,84,0,23,0,0
2022-09-05,8846,10075710,11,13803,78153,78381885,8846,10075710,0,311270,-7,2694,0,84,-1,22,0,0
2022-09-06,9194,10084904,76,13879,31763,78413648,9194,10084904,0,311270,-95,2599,-7,77,-8,14,0,0
2022-09-07,10067,10094971,62,13941,49346,78462994,10067,10094971,0,311270,-139,2460,3,80,3,17,0,0
2022-09-08,9104,10104075,74,14015,43909,78506903,9104,10104075,0,311270,-72,2388,-16,64,-1,16,0,0
2022-09-09,8144,10112219,134,14149,41589,78548492,8144,10112219,0,311270,-49,2339,-3,61,-1,15,0,0
2022-09-10,930,10113149,5,14154,NA,67159535,930,7945980,0,311270,-7,2332,-6,55,-12,3,0,0
2022-09-11,711,10113860,2,14156,NA,67165925,711,7946691,0,311270,0,2332,1,56,-3,0,0,0
2022-09-12,670,10114530,1,14157,NA,67165925,670,7947361,0,311270,0,2332,0,56,0,0,0,0
2022-09-13,977,10115507,25,14182,NA,67171762,977,7948338,0,311270,14,2346,-4,52,0,0,0,0
2022-09-14,1065,10116572,3,14185,NA,67183260,1065,7949403,0,311270,-9,2337,5,57,0,0,0,0
2022-09-15,941,10117513,8,14193,NA,67183260,941,7950344,0,311270,0,2337,0,57,0,0,0,0
2022-09-16,38184,10155697,266,14459,NA,67232327,38184,7983535,0,311270,-346,1991,-2,55,17,17,0,0
2022-09-17,0,10155697,4,14463,NA,67239323,0,7983535,0,311270,13,2004,0,55,4,21,0,0
2022-09-18,0,10155697,15,14478,NA,67244809,0,7983535,0,311270,-41,1963,-4,51,0,21,0,0
2022-09-19,0,10155697,5,14483,NA,67249046,0,7983535,0,311270,-7,1956,2,53,0,21,0,0
2022-09-20,0,10155697,19,14502,NA,67254303,0,7983535,0,311270,-6,1950,0,53,0,21,0,0
2022-09-21,0,10155697,4,14506,NA,67320712,0,7983535,0,311270,-13,1937,-1,52,0,21,0,0
2022-09-22,0,10155697,33,14539,NA,67325969,0,7983535,0,311270,-6,1931,-1,51,0,21,0,0
2022-09-23,41627,10197324,139,14678,NA,67363672,41627,8011932,0,311270,-168,1763,-3,48,0,21,0,0
2022-09-24,0,10197324,0,14678,NA,67368929,0,8011932,0,311270,0,1763,0,48,0,21,0,0
2022-09-25,0,10197324,0,14678,NA,67374186,0,8011932,0,311270,0,1763,0,48,0,21,0,0
2022-09-26,0,10197324,0,14678,NA,67379443,0,8011932,0,311270,0,1763,0,48,0,21,0,0
2022-09-27,0,10197324,0,14678,NA,67384700,0,8011932,0,311270,0,1763,0,48,0,21,0,0
2022-09-28,0,10197324,0,14678,NA,67389957,0,8011932,0,311270,0,1763,0,48,0,21,0,0
2022-09-29,0,10197324,0,14678,NA,67395214,0,8011932,0,311270,0,1763,0,48,0,21,0,0
2022-09-30,37736,10235060,252,14930,NA,67423093,37736,8040815,0,311270,-200,1563,-3,45,0,21,0,0
2022-10-01,0,10235060,0,14930,NA,67428350,0,8040815,0,311270,0,1563,0,45,0,21,0,0
2022-10-02,0,10235060,0,14930,NA,67433607,0,8040815,0,311270,0,1563,0,45,0,21,0,0
2022-10-03,0,10235060,0,14930,NA,67438864,0,8040815,0,311270,0,1563,0,45,0,21,0,0
2022-10-04,0,10235060,0,14930,NA,67444121,0,8040815,0,311270,0,1563,0,45,0,21,0,0
2022-10-05,0,10235060,0,14930,NA,67449378,0,8040815,0,311270,0,1563,0,45,0,21,0,0
2022-10-06,0,10235060,0,14930,NA,67454635,0,8040815,0,311270,0,1563,0,45,0,21,0,0
2022-10-07,35814,10270874,119,15049,NA,67722336,35814,8068109,NA,0,-98,1465,-1,44,-6,15,0,0
2022-10-08,0,10270874,0,15049,NA,67743566,0,8068109,NA,0,0,1465,-1,43,-1,14,0,0
2022-10-09,0,10270874,0,15049,NA,67764796,0,8068109,NA,0,0,1465,0,43,0,14,0,0
2022-10-10,0,10270874,0,15049,NA,67786026,0,8068109,NA,0,0,1465,0,43,0,14,0,0
2022-10-11,0,10270874,0,15049,NA,67807256,0,8068109,NA,0,0,1465,0,43,0,14,0,0
2022-10-12,0,10270874,0,15049,NA,67828486,0,8068109,NA,0,0,1465,0,43,0,14,0,0
2022-10-13,0,10270874,0,15049,NA,67849716,0,8068109,NA,0,0,1465,0,43,0,14,0,0
2022-10-14,37105,10307979,122,15171,NA,67863918,37105,8096795,NA,0,-40,1425,-9,34,-3,11,0,0
2022-10-15,0,10307979,0,15171,NA,67885148,0,8096795,NA,0,0,1425,0,34,0,11,0,0
2022-10-16,0,10307979,0,15171,NA,67906378,0,8096795,NA,0,0,1425,0,34,0,11,0,0
2022-10-17,0,10307979,0,15171,NA,67927608,0,8096795,NA,0,0,1425,0,34,0,11,0,0
2022-10-18,0,10307979,0,15171,NA,67948838,0,8096795,NA,0,0,1425,0,34,0,11,0,0
2022-10-19,0,10307979,0,15171,NA,67970068,0,8096795,NA,0,0,1425,0,34,0,11,0,0
2022-10-20,0,10307979,0,15171,NA,67991298,0,8096795,NA,0,0,1425,0,34,0,11,0,0
2022-10-21,29858,10337837,86,15257,NA,68070800,29858,8120004,NA,0,14,1439,9,43,4,15,0,0
2022-10-22,0,10337837,0,15257,NA,68092030,0,8120004,NA,0,-6,1433,-1,42,-2,13,0,0
2022-10-23,0,10337837,0,15257,NA,68113260,0,8120004,NA,0,0,1433,0,42,0,13,0,0
2022-10-24,0,10337837,0,15257,NA,68134490,0,8120004,NA,0,0,1433,0,42,0,13,0,0
2022-10-25,0,10337837,0,15257,NA,68155720,0,8120004,NA,0,0,1433,0,42,0,13,0,0
2022-10-26,0,10337837,0,15257,NA,68176950,0,8120004,NA,0,0,1433,0,42,0,13,0,0
2022-10-27,0,10337837,0,15257,NA,68198180,0,8120004,NA,0,0,1433,0,42,0,13,0,0
2022-10-28,33589,10371426,111,15368,NA,68213114,33589,8147432,NA,0,-95,1338,6,48,-2,11,0,0
2022-10-29,0,10371426,0,15368,NA,68219292,0,8147432,NA,0,0,1338,0,48,0,11,0,0
2022-10-30,0,10371426,0,15368,NA,68225470,0,8147432,NA,0,0,1338,0,48,0,11,0,0
2022-10-31,0,10371426,0,15368,NA,68231648,0,8147432,NA,0,0,1338,0,48,0,11,0,0
2022-11-01,0,10371426,0,15368,NA,68237826,0,8147432,NA,0,0,1338,0,48,0,11,0,0
2022-11-02,0,10371426,0,15368,NA,68244004,0,8147432,NA,0,0,1338,0,48,0,11,0,0
2022-11-03,0,10371426,0,15368,NA,68250182,0,8147432,NA,0,0,1338,0,48,0,11,0,0
2022-11-04,39781,10411207,116,15484,NA,68265034,39781,8180642,NA,0,57,1395,-10,38,-1,10,0,0
2022-11-05,0,10411207,0,15484,NA,68271212,0,8180642,NA,0,0,1395,-1,37,0,10,0,0
2022-11-06,0,10411207,0,15484,NA,68277390,0,8180642,NA,0,0,1395,0,37,0,10,0,0
2022-11-07,0,10411207,0,15484,NA,68283568,0,8180642,NA,0,0,1395,0,37,0,10,0,0
2022-11-08,0,10411207,0,15484,NA,68289746,0,8180642,NA,0,0,1395,0,37,0,10,0,0
2022-11-09,0,10411207,0,15484,NA,68295924,0,8180642,NA,0,0,1395,0,37,0,10,0,0
2022-11-10,0,10411207,0,15484,NA,68302102,0,8180642,NA,0,0,1395,0,37,0,10,0,0
2022-11-11,57711,10468918,95,15579,NA,68316040,57711,8229308,NA,0,391,1786,30,67,7,17,0,0
2022-11-12,0,10468918,0,15579,NA,68322218,0,8229308,NA,0,0,1786,-1,66,0,17,0,0
2022-11-13,0,10468918,0,15579,NA,68328396,0,8229308,NA,0,0,1786,0,66,0,17,0,0
2022-11-14,0,10468918,0,15579,NA,68334574,0,8229308,NA,0,0,1786,0,66,0,17,0,0
2022-11-15,0,10468918,0,15579,NA,68340752,0,8229308,NA,0,0,1786,0,66,0,17,0,0
2022-11-16,0,10468918,0,15579,NA,68346930,0,8229308,NA,0,0,1786,0,66,0,17,0,0
2022-11-17,0,10468918,0,15579,NA,68353108,0,8229308,NA,0,0,1786,0,66,0,17,0,0
2022-11-18,74935,10543853,120,15699,NA,68368872,74935,8290956,NA,0,330,2116,-5,61,4,21,0,0
2022-11-19,2,10543855,0,15699,NA,68375050,2,8290956,NA,0,0,2116,0,61,-3,18,0,0
2022-11-20,0,10543855,0,15699,NA,68381228,0,8290956,NA,0,0,2116,0,61,0,18,0,0
2022-11-21,0,10543855,0,15699,NA,68387406,0,8290956,NA,0,0,2116,0,61,0,18,0,0
2022-11-22,0,10543855,0,15699,NA,68393584,0,8290956,NA,0,0,2116,0,61,0,18,0,0
2022-11-23,0,10543855,0,15699,NA,68399762,0,8290956,NA,0,0,2116,0,61,0,18,0,0
2022-11-24,0,10543855,0,15699,NA,68405940,0,8290956,NA,0,0,2116,0,61,0,18,0,0
2022-11-25,96151,10640006,130,15829,NA,68414593,96151,8373328,NA,0,355,2471,20,81,12,30,0,0
2022-11-26,0,10640006,0,15829,NA,68420771,0,8373328,NA,0,0,2471,0,81,-1,29,0,0
2022-11-27,0,10640006,0,15829,NA,68426949,0,8373328,NA,0,0,2471,0,81,0,29,0,0
2022-11-28,0,10640006,0,15829,NA,68433127,0,8373328,NA,0,0,2471,0,81,0,29,0,0
2022-11-29,0,10640006,0,15829,NA,68439305,0,8373328,NA,0,0,2471,0,81,0,29,0,0
2022-11-30,0,10640006,0,15829,NA,68445483,0,8373328,NA,0,0,2471,0,81,0,29,0,0
2022-12-01,0,10640006,0,15829,NA,68451661,0,8373328,NA,0,0,2471,0,81,0,29,0,0
2022-12-02,103739,10743745,133,15962,NA,68460574,103739,8459948,NA,0,111,2582,-5,76,3,32,0,0
2022-12-03,0,10743745,0,15962,NA,68466752,0,8459948,NA,0,0,2582,-1,75,-1,31,0,0
2022-12-04,0,10743745,0,15962,NA,68472930,0,8459948,NA,0,0,2582,0,75,0,31,0,0
2022-12-05,0,10743745,0,15962,NA,68479108,0,8459948,NA,0,0,2582,0,75,0,31,0,0
2022-12-06,0,10743745,0,15962,NA,68485286,0,8459948,NA,0,0,2582,0,75,0,31,0,0
2022-12-07,0,10743745,0,15962,NA,68491464,0,8459948,NA,0,0,2582,0,75,0,31,0,0
2022-12-08,0,10743745,0,15962,NA,68497642,0,8459948,NA,0,0,0,0,0,0,0,0,0
2022-12-09,110578,10854323,219,16181,NA,68513621,110578,8550795,NA,0,0,0,0,0,0,0,0,0
2022-12-10,0,10854323,0,16181,NA,45799959,0,5782224,NA,0,0,0,0,0,0,0,0,0
2022-12-11,0,10854323,0,16181,NA,45800880,0,5782224,NA,0,0,0,0,0,0,0,0,0
2022-12-12,0,10854323,0,16181,NA,45801801,0,5782224,NA,0,0,0,0,0,0,0,0,0
2022-12-13,0,10854323,0,16181,NA,45802722,0,5782224,NA,0,0,0,0,0,0,0,0,0
2022-12-14,0,10854323,0,16181,NA,45803643,0,5782224,NA,0,0,0,0,0,0,0,0,0
2022-12-15,0,10854323,0,16181,NA,45804564,0,5782224,NA,0,0,0,0,0,0,0,0,0
2022-12-16,111695,10966018,233,16414,NA,45815022,111695,5846097,NA,0,0,0,0,0,0,0,0,0
2022-12-17,0,10966018,0,16414,NA,45815943,0,5846097,NA,0,0,0,0,0,0,0,0,0
2022-12-18,0,10966018,0,16414,NA,45816864,0,5846097,NA,0,0,0,0,0,0,0,0,0
2022-12-19,0,10966018,0,16414,NA,45817785,0,5846097,NA,0,0,0,0,0,0,0,0,0
2022-12-20,0,10966018,0,16414,NA,45818706,0,5846097,NA,0,0,0,0,0,0,0,0,0
2022-12-21,0,10966018,0,16414,NA,45819627,0,5846097,NA,0,0,0,0,0,0,0,0,0
2022-12-22,0,10966018,0,16414,NA,45820548,0,5846097,NA,0,0,0,0,0,0,0,0,0
2022-12-23,105916,11071934,256,16670,NA,45830042,105916,5906224,NA,0,0,0,0,0,0,0,0,0
2022-12-24,0,11071934,0,16670,NA,45830963,0,5906224,NA,0,0,0,0,0,0,0,0,0
2022-12-25,0,11071934,0,16670,NA,45831884,0,5906224,NA,0,0,0,0,0,0,0,0,0
2022-12-26,0,11071934,0,16670,NA,45832805,0,5906224,NA,0,0,0,0,0,0,0,0,0
2022-12-27,0,11071934,0,16670,NA,45833726,0,5906224,NA,0,0,0,0,0,0,0,0,0
2022-12-28,0,11071934,0,16670,NA,45834647,0,5906224,NA,0,0,0,0,0,0,0,0,0
2022-12-29,0,11071934,0,16670,NA,45835568,0,5906224,NA,0,0,0,0,0,0,0,0,0
2022-12-30,75538,11147472,125,16795,NA,45842191,75538,5950944,NA,0,0,0,0,0,0,0,0,0
2022-12-31,0,11147472,0,16795,NA,45843112,0,5950944,NA,0,0,0,0,0,0,0,0,0
2023-01-01,0,11147472,0,16795,NA,45844033,0,5950944,NA,0,0,0,0,0,0,0,0,0
2023-01-02,0,11147472,0,16795,NA,45844954,0,5950944,NA,0,0,0,0,0,0,0,0,0
2023-01-03,0,11147472,0,16795,NA,45845875,0,5950944,NA,0,0,0,0,0,0,0,0,0
2023-01-04,0,11147472,0,16795,NA,45846796,0,5950944,NA,0,0,0,0,0,0,0,0,0
2023-01-05,0,11147472,0,16795,NA,45847717,0,5950944,NA,0,0,0,0,0,0,0,0,0
2023-01-06,57859,11205331,290,17085,NA,45855899,57859,5981875,NA,0,0,0,0,0,0,0,0,0
2023-01-07,0,11205331,0,17085,NA,0,0,0,NA,0,0,0,0,0,0,0,0,0
2023-01-08,0,11205331,0,17085,NA,0,0,0,NA,0,0,0,0,0,0,0,0,0
2023-01-09,0,11205331,0,17085,NA,0,0,0,NA,0,0,0,0,0,0,0,0,0
2023-01-10,0,11205331,0,17085,NA,0,0,0,NA,0,0,0,0,0,0,0,0,0
2023-01-11,0,11205331,0,17085,NA,0,0,0,NA,0,0,0,0,0,0,0,0,0
2023-01-12,0,11205331,0,17085,NA,0,0,0,NA,0,0,0,0,0,0,0,0,0
2023-01-13,41892,11247223,413,17498,NA,0,41892,0,NA,0,0,0,0,0,0,0,0,0
2023-01-14,0,11247223,0,17498,NA,0,0,0,NA,0,0,0,0,0,0,0,0,0
2023-01-15,0,11247223,0,17498,NA,0,0,0,NA,0,0,0,0,0,0,0,0,0
2023-01-16,0,11247223,0,17498,NA,0,0,0,NA,0,0,0,0,0,0,0,0,0
2023-01-17,0,11247223,0,17498,NA,0,0,0,NA,0,0,0,0,0,0,0,0,0
2023-01-18,0,11247223,0,17498,NA,0,0,0,NA,0,0,0,0,0,0,0,0,0
2023-01-19,0,11247223,0,17498,NA,0,0,0,NA,0,0,0,0,0,0,0,0,0
2023-01-20,26850,11274073,381,17879,NA,0,26850,0,NA,0,0,0,0,0,0,0,0,0
2023-01-21,0,11274073,0,17879,NA,0,0,0,NA,0,0,0,0,0,0,0,0,0
2023-01-22,0,11274073,0,17879,NA,0,0,0,NA,0,0,0,0,0,0,0,0,0
2023-01-23,0,11274073,0,17879,NA,0,0,0,NA,0,0,0,0,0,0,0,0,0
2023-01-24,0,11274073,0,17879,NA,0,0,0,NA,0,0,0,0,0,0,0,0,0
2023-01-25,0,11274073,0,17879,NA,0,0,0,NA,0,0,0,0,0,0,0,0,0
2023-01-26,0,11274073,0,17879,NA,0,0,0,NA,0,0,0,0,0,0,0,0,0
2023-01-27,21041,11295114,370,18249,NA,0,21041,0,NA,0,0,0,0,0,0,0,0,0
2023-01-28,0,11295114,0,18249,NA,0,0,0,NA,0,0,0,0,0,0,0,0,0
2023-01-29,0,11295114,0,18249,NA,0,0,0,NA,0,0,0,0,0,0,0,0,0
2023-01-30,0,11295114,0,18249,NA,0,0,0,NA,0,0,0,0,0,0,0,0,0
2023-01-31,0,11295114,0,18249,NA,0,0,0,NA,0,0,0,0,0,0,0,0,0
2023-02-01,0,11295114,0,18249,NA,0,0,0,NA,0,0,0,0,0,0,0,0,0
2023-02-02,0,11295114,0,18249,NA,0,0,0,NA,0,0,0,0,0,0,0,0,0
2023-02-03,17601,11312715,226,18475,NA,0,17601,0,NA,0,0,0,0,0,0,0,0,0
2023-02-04,0,11312715,0,18475,NA,0,0,0,NA,0,0,0,0,0,0,0,0,0
2023-02-05,0,11312715,0,18475,NA,0,0,0,NA,0,0,0,0,0,0,0,0,0
2023-02-06,0,11312715,0,18475,NA,0,0,0,NA,0,0,0,0,0,0,0,0,0
2023-02-07,0,11312715,0,18475,NA,0,0,0,NA,0,0,0,0,0,0,0,0,0
2023-02-08,0,11312715,0,18475,NA,0,0,0,NA,0,0,0,0,0,0,0,0,0
2023-02-09,0,11312715,0,18475,NA,0,0,0,NA,0,0,0,0,0,0,0,0,0
2023-02-10,17438,11330153,248,18723,NA,0,17438,0,NA,0,0,0,0,0,0,0,0,0
2023-02-11,0,11330153,0,18723,NA,0,0,0,NA,0,0,0,0,0,0,0,0,0
2023-02-12,0,11330153,0,18723,NA,0,0,0,NA,0,0,0,0,0,0,0,0,0
2023-02-13,0,11330153,0,18723,NA,0,0,0,NA,0,0,0,0,0,0,0,0,0
2023-02-14,0,11330153,0,18723,NA,0,0,0,NA,0,0,0,0,0,0,0,0,0
2023-02-15,0,11330153,0,18723,NA,0,0,0,NA,0,0,0,0,0,0,0,0,0
2023-02-16,0,11330153,0,18723,NA,0,0,0,NA,0,0,0,0,0,0,0,0,0
2023-02-17,17356,11347509,154,18877,NA,0,17356,0,NA,0,0,0,0,0,0,0,0,0
2023-02-18,0,11347509,0,18877,NA,0,0,0,NA,0,0,0,0,0,0,0,0,0
2023-02-19,0,11347509,0,18877,NA,0,0,0,NA,0,0,0,0,0,0,0,0,0
2023-02-20,0,11347509,0,18877,NA,0,0,0,NA,0,0,0,0,0,0,0,0,0
2023-02-21,0,11347509,0,18877,NA,0,0,0,NA,0,0,0,0,0,0,0,0,0
2023-02-22,0,11347509,0,18877,NA,0,0,0,NA,0,0,0,0,0,0,0,0,0
2023-02-23,0,11347509,0,18877,NA,0,0,0,NA,0,0,0,0,0,0,0,0,0
2023-02-24,19183,11366692,124,19001,NA,0,19183,0,NA,0,0,0,0,0,0,0,0,0
2023-02-25,0,11366692,0,19001,NA,0,0,0,NA,0,0,0,0,0,0,0,0,0
2023-02-26,0,11366692,0,19001,NA,0,0,0,NA,0,0,0,0,0,0,0,0,0
2023-02-27,0,11366692,0,19001,NA,0,0,0,NA,0,0,0,0,0,0,0,0,0
2023-02-28,0,11366692,0,19001,NA,0,0,0,NA,0,0,0,0,0,0,0,0,0
2023-03-01,0,11366692,0,19001,NA,0,0,0,NA,0,0,0,0,0,0,0,0,0
2023-03-02,0,11366692,0,19001,NA,0,0,0,NA,0,0,0,0,0,0,0,0,0
2023-03-03,18653,11385345,93,19094,NA,0,18653,0,NA,0,0,0,0,0,0,0,0,0
2023-03-04,0,11385345,0,19094,NA,0,0,0,NA,0,0,0,0,0,0,0,0,0
2023-03-05,0,11385345,0,19094,NA,0,0,0,NA,0,0,0,0,0,0,0,0,0
2023-03-06,0,11385345,0,19094,NA,0,0,0,NA,0,0,0,0,0,0,0,0,0
2023-03-07,0,11385345,0,19094,NA,0,0,0,NA,0,0,0,0,0,0,0,0,0
2023-03-08,0,11385345,0,19094,NA,0,0,0,NA,0,0,0,0,0,0,0,0,0
2023-03-09,0,11385345,0,19094,NA,0,0,0,NA,0,0,0,0,0,0,0,0,0
2023-03-10,19855,11405200,132,19226,NA,0,19855,0,NA,0,0,0,0,0,0,0,0,0
2023-03-11,0,11405200,0,19226,NA,0,0,0,NA,0,0,0,0,0,0,0,0,0
2023-03-12,0,11405200,0,19226,NA,0,0,0,NA,0,0,0,0,0,0,0,0,0
2023-03-13,0,11405200,0,19226,NA,0,0,0,NA,0,0,0,0,0,0,0,0,0
2023-03-14,0,11405200,0,19226,NA,0,0,0,NA,0,0,0,0,0,0,0,0,0
2023-03-15,0,11405200,0,19226,NA,0,0,0,NA,0,0,0,0,0,0,0,0,0
2023-03-16,0,11405200,0,19226,NA,0,0,0,NA,0,0,0,0,0,0,0,0,0
2023-03-17,22271,11427471,112,19338,NA,0,22271,0,NA,0,0,0,0,0,0,0,0,0
2023-03-18,0,11427471,0,19338,NA,0,0,0,NA,0,0,0,0,0,0,0,0,0
2023-03-19,0,11427471,0,19338,NA,0,0,0,NA,0,0,0,0,0,0,0,0,0
2023-03-20,0,11427471,0,19338,NA,0,0,0,NA,0,0,0,0,0,0,0,0,0
2023-03-21,0,11427471,0,19338,NA,0,0,0,NA,0,0,0,0,0,0,0,0,0
2023-03-22,0,11427471,0,19338,NA,0,0,0,NA,0,0,0,0,0,0,0,0,0
2023-03-23,0,11427471,0,19338,NA,0,0,0,NA,0,0,0,0,0,0,0,0,0
2023-03-24,23659,11451130,74,19412,NA,0,23659,0,NA,0,0,0,0,0,0,0,0,0
2023-03-25,0,11451130,0,19412,NA,0,0,0,NA,0,0,0,0,0,0,0,0,0
2023-03-26,0,11451130,0,19412,NA,0,0,0,NA,0,0,0,0,0,0,0,0,0
2023-03-27,0,11451130,0,19412,NA,0,0,0,NA,0,0,0,0,0,0,0,0,0
2023-03-28,0,11451130,0,19412,NA,0,0,0,NA,0,0,0,0,0,0,0,0,0
2023-03-29,0,11451130,0,19412,NA,0,0,0,NA,0,0,0,0,0,0,0,0,0
2023-03-30,5,11451135,0,19412,NA,0,5,0,NA,0,0,0,0,0,0,0,0,0
2023-03-31,26494,11477629,98,19510,NA,0,26494,0,NA,0,0,0,0,0,0,0,0,0
2023-04-01,0,11477629,0,19510,NA,0,0,0,NA,0,0,0,0,0,0,0,0,0
2023-04-02,0,11477629,0,19510,NA,0,0,0,NA,0,0,0,0,0,0,0,0,0
2023-04-03,0,11477629,0,19510,NA,0,0,0,NA,0,0,0,0,0,0,0,0,0
2023-04-04,0,11477629,0,19510,NA,0,0,0,NA,0,0,0,0,0,0,0,0,0
2023-04-05,0,11477629,0,19510,NA,0,0,0,NA,0,0,0,0,0,0,0,0,0
2023-04-06,0,11477629,0,19510,NA,0,0,0,NA,0,0,0,0,0,0,0,0,0
2023-04-07,-124108,11353521,83,19593,NA,0,-124108,0,NA,0,0,0,0,0,0,0,0,0
2023-04-08,0,11353521,0,19593,NA,0,0,0,NA,0,0,0,0,0,0,0,0,0
2023-04-09,0,11353521,0,19593,NA,0,0,0,NA,0,0,0,0,0,0,0,0,0
2023-04-10,0,11353521,0,19593,NA,0,0,0,NA,0,0,0,0,0,0,0,0,0
2023-04-11,0,11353521,0,19593,NA,0,0,0,NA,0,0,0,0,0,0,0,0,0
2023-04-12,0,11353521,0,19593,NA,0,0,0,NA,0,0,0,0,0,0,0,0,0
2023-04-13,0,11353521,0,19593,NA,0,0,0,NA,0,0,0,0,0,0,0,0,0
2023-04-14,28083,11381604,117,19710,NA,0,28083,0,NA,0,0,0,0,0,0,0,0,0
2023-04-15,0,11381604,0,19710,NA,0,0,0,NA,0,0,0,0,0,0,0,0,0
2023-04-16,0,11381604,0,19710,NA,0,0,0,NA,0,0,0,0,0,0,0,0,0
2023-04-17,0,11381604,0,19710,NA,0,0,0,NA,0,0,0,0,0,0,0,0,0
2023-04-18,0,11381604,0,19710,NA,0,0,0,NA,0,0,0,0,0,0,0,0,0
2023-04-19,0,11381604,0,19710,NA,0,0,0,NA,0,0,0,0,0,0,0,0,0
2023-04-20,0,11381604,0,19710,NA,0,0,0,NA,0,0,0,0,0,0,0,0,0
2023-04-21,29500,11411104,110,19820,NA,0,29500,0,NA,0,0,0,0,0,0,0,0,0
2023-04-22,0,11411104,0,19820,NA,0,0,0,NA,0,0,0,0,0,0,0,0,0
2023-04-23,0,11411104,0,19820,NA,0,0,0,NA,0,0,0,0,0,0,0,0,0
2023-04-24,0,11411104,0,19820,NA,0,0,0,NA,0,0,0,0,0,0,0,0,0
2023-04-25,0,11411104,0,19820,NA,0,0,0,NA,0,0,0,0,0,0,0,0,0
2023-04-26,0,11411104,0,19820,NA,0,0,0,NA,0,0,0,0,0,0,0,0,0
2023-04-27,0,11411104,0,19820,NA,0,0,0,NA,0,0,0,0,0,0,0,0,0
2023-04-28,30790,11441894,113,19933,NA,0,30790,0,NA,0,0,0,0,0,0,0,0,0
2023-04-29,0,11441894,0,19933,NA,0,0,0,NA,0,0,0,0,0,0,0,0,0
2023-04-30,0,11441894,0,19933,NA,0,0,0,NA,0,0,0,0,0,0,0,0,0
2023-05-01,0,11441894,0,19933,NA,0,0,0,NA,0,0,0,0,0,0,0,0,0
2023-05-02,0,11441894,0,19933,NA,0,0,0,NA,0,0,0,0,0,0,0,0,0
2023-05-03,0,11441894,0,19933,NA,0,0,0,NA,0,0,0,0,0,0,0,0,0
2023-05-04,0,11441894,0,19933,NA,0,0,0,NA,0,0,0,0,0,0,0,0,0
2023-05-05,30328,11472222,66,19999,NA,0,30328,0,NA,0,0,0,0,0,0,0,0,0
2023-05-06,0,11472222,0,19999,NA,0,0,0,NA,0,0,0,0,0,0,0,0,0
2023-05-07,0,11472222,0,19999,NA,0,0,0,NA,0,0,0,0,0,0,0,0,0
2023-05-08,0,11472222,0,19999,NA,0,0,0,NA,0,0,0,0,0,0,0,0,0
2023-05-09,0,11472222,0,19999,NA,0,0,0,NA,0,0,0,0,0,0,0,0,0
2023-05-10,0,11472222,0,19999,NA,0,0,0,NA,0,0,0,0,0,0,0,0,0
2023-05-11,6,11472228,0,19999,NA,0,6,0,NA,0,0,0,0,0,0,0,0,0
2023-05-12,33001,11505229,0,19999,NA,0,33001,0,NA,0,0,0,0,0,0,0,0,0
2023-05-13,0,11505229,0,19999,NA,0,0,0,NA,0,0,0,0,0,0,0,0,0
2023-05-14,0,11505229,0,19999,NA,0,0,0,NA,0,0,0,0,0,0,0,0,0
2023-05-15,0,11505229,0,19999,NA,0,0,0,NA,0,0,0,0,0,0,0,0,0
2023-05-16,0,11505229,0,19999,NA,0,0,0,NA,0,0,0,0,0,0,0,0,0
2023-05-17,0,11505229,0,19999,NA,0,0,0,NA,0,0,0,0,0,0,0,0,0
2023-05-18,0,11505229,0,19999,NA,0,0,0,NA,0,0,0,0,0,0,0,0,0
2023-05-19,38658,11543887,0,19999,NA,0,38658,0,NA,0,0,0,0,0,0,0,0,0
2023-05-20,0,11543887,0,19999,NA,0,0,0,NA,0,0,0,0,0,0,0,0,0
2023-05-21,0,11543887,0,19999,NA,0,0,0,NA,0,0,0,0,0,0,0,0,0
2023-05-22,0,11543887,0,19999,NA,0,0,0,NA,0,0,0,0,0,0,0,0,0
2023-05-23,0,11543887,0,19999,NA,0,0,0,NA,0,0,0,0,0,0,0,0,0
2023-05-24,0,11543887,0,19999,NA,0,0,0,NA,0,0,0,0,0,0,0,0,0
2023-05-25,0,11543887,0,19999,NA,0,0,0,NA,0,0,0,0,0,0,0,0,0
2023-05-26,41399,11585286,0,19999,NA,0,41399,0,NA,0,0,0,0,0,0,0,0,0
2023-05-27,0,11585286,0,19999,NA,0,0,0,NA,0,0,0,0,0,0,0,0,0
2023-05-28,0,11585286,0,19999,NA,0,0,0,NA,0,0,0,0,0,0,0,0,0
2023-05-29,0,11585286,0,19999,NA,0,0,0,NA,0,0,0,0,0,0,0,0,0
2023-05-30,0,11585286,0,19999,NA,0,0,0,NA,0,0,0,0,0,0,0,0,0
2023-05-31,0,11585286,0,19999,NA,0,0,0,NA,0,0,0,0,0,0,0,0,0
2023-06-01,0,11585286,0,19999,NA,0,0,0,NA,0,0,0,0,0,0,0,0,0
2023-06-02,37059,11622345,0,19999,NA,0,37059,0,NA,0,0,0,0,0,0,0,0,0
2023-06-03,0,11622345,0,19999,NA,0,0,0,NA,0,0,0,0,0,0,0,0,0
2023-06-04,0,11622345,0,19999,NA,0,0,0,NA,0,0,0,0,0,0,0,0,0
2023-06-05,0,11622345,0,19999,NA,0,0,0,NA,0,0,0,0,0,0,0,0,0
2023-06-06,0,11622345,0,19999,NA,0,0,0,NA,0,0,0,0,0,0,0,0,0
2023-06-07,0,11622345,0,19999,NA,0,0,0,NA,0,0,0,0,0,0,0,0,0
2023-06-08,0,11622345,0,19999,NA,0,0,0,NA,0,0,0,0,0,0,0,0,0
2023-06-09,30746,11653091,0,19999,NA,0,30746,0,NA,0,0,0,0,0,0,0,0,0
2023-06-10,0,11653091,0,19999,NA,0,0,0,NA,0,0,0,0,0,0,0,0,0
2023-06-11,0,11653091,0,19999,NA,0,0,0,NA,0,0,0,0,0,0,0,0,0
2023-06-12,0,11653091,0,19999,NA,0,0,0,NA,0,0,0,0,0,0,0,0,0
2023-06-13,0,11653091,0,19999,NA,0,0,0,NA,0,0,0,0,0,0,0,0,0
2023-06-14,0,11653091,0,19999,NA,0,0,0,NA,0,0,0,0,0,0,0,0,0
2023-06-15,0,11653091,0,19999,NA,0,0,0,NA,0,0,0,0,0,0,0,0,0
2023-06-16,19676,11672767,0,19999,NA,0,19676,0,NA,0,0,0,0,0,0,0,0,0
2023-06-17,0,11672767,0,19999,NA,0,0,0,NA,0,0,0,0,0,0,0,0,0
2023-06-18,0,11672767,0,19999,NA,0,0,0,NA,0,0,0,0,0,0,0,0,0
2023-06-19,0,11672767,0,19999,NA,0,0,0,NA,0,0,0,0,0,0,0,0,0
2023-06-20,0,11672767,0,19999,NA,0,0,0,NA,0,0,0,0,0,0,0,0,0
2023-06-21,0,11672767,0,19999,NA,0,0,0,NA,0,0,0,0,0,0,0,0,0
2023-06-22,0,11672767,0,19999,NA,0,0,0,NA,0,0,0,0,0,0,0,0,0
2023-06-23,17297,11690064,0,19999,NA,0,17297,0,NA,0,0,0,0,0,0,0,0,0
2023-06-24,0,11690064,0,19999,NA,0,0,0,NA,0,0,0,0,0,0,0,0,0
2023-06-25,0,11690064,0,19999,NA,0,0,0,NA,0,0,0,0,0,0,0,0,0
2023-06-26,0,11690064,0,19999,NA,0,0,0,NA,0,0,0,0,0,0,0,0,0
2023-06-27,0,11690064,0,19999,NA,0,0,0,NA,0,0,0,0,0,0,0,0,0
2023-06-28,0,11690064,0,19999,NA,0,0,0,NA,0,0,0,0,0,0,0,0,0
2023-06-29,0,11690064,0,19999,NA,0,0,0,NA,0,0,0,0,0,0,0,0,0
2023-06-30,10513,11700577,0,19999,NA,0,10513,0,NA,0,0,0,0,0,0,0,0,0
2023-07-01,0,11700577,0,19999,NA,0,0,0,NA,0,0,0,0,0,0,0,0,0
2023-07-02,0,11700577,0,19999,NA,0,0,0,NA,0,0,0,0,0,0,0,0,0
2023-07-03,0,11700577,0,19999,NA,0,0,0,NA,0,0,0,0,0,0,0,0,0
2023-07-04,0,11700577,0,19999,NA,0,0,0,NA,0,0,0,0,0,0,0,0,0
2023-07-05,0,11700577,0,19999,NA,0,0,0,NA,0,0,0,0,0,0,0,0,0
2023-07-06,0,11700577,0,19999,NA,0,0,0,NA,0,0,0,0,0,0,0,0,0
2023-07-07,13948,11714525,0,19999,NA,0,13948,0,NA,0,0,0,0,0,0,0,0,0
2023-07-08,0,11714525,0,19999,NA,0,0,0,NA,0,0,0,0,0,0,0,0,0
2023-07-09,0,11714525,0,19999,NA,0,0,0,NA,0,0,0,0,0,0,0,0,0
2023-07-10,0,11714525,0,19999,NA,0,0,0,NA,0,0,0,0,0,0,0,0,0
2023-07-11,0,11714525,0,19999,NA,0,0,0,NA,0,0,0,0,0,0,0,0,0
2023-07-12,0,11714525,0,19999,NA,0,0,0,NA,0,0,0,0,0,0,0,0,0
2023-07-13,0,11714525,0,19999,NA,0,0,0,NA,0,0,0,0,0,0,0,0,0
2023-07-14,4795,11719320,0,19999,NA,0,4795,0,NA,0,0,0,0,0,0,0,0,0
2023-07-15,0,11719320,0,19999,NA,0,0,0,NA,0,0,0,0,0,0,0,0,0
2023-07-16,0,11719320,0,19999,NA,0,0,0,NA,0,0,0,0,0,0,0,0,0
2023-07-17,0,11719320,0,19999,NA,0,0,0,NA,0,0,0,0,0,0,0,0,0
2023-07-18,0,11719320,0,19999,NA,0,0,0,NA,0,0,0,0,0,0,0,0,0
2023-07-19,0,11719320,0,19999,NA,0,0,0,NA,0,0,0,0,0,0,0,0,0
2023-07-20,0,11719320,0,19999,NA,0,0,0,NA,0,0,0,0,0,0,0,0,0
2023-07-21,5963,11725283,0,19999,NA,0,5963,0,NA,0,0,0,0,0,0,0,0,0
2023-07-22,0,11725283,0,19999,NA,0,0,0,NA,0,0,0,0,0,0,0,0,0
2023-07-23,0,11725283,0,19999,NA,0,0,0,NA,0,0,0,0,0,0,0,0,0
2023-07-24,0,11725283,0,19999,NA,0,0,0,NA,0,0,0,0,0,0,0,0,0
2023-07-25,0,11725283,0,19999,NA,0,0,0,NA,0,0,0,0,0,0,0,0,0
2023-07-26,0,11725283,0,19999,NA,0,0,0,NA,0,0,0,0,0,0,0,0,0
2023-07-27,0,11725283,0,19999,NA,0,0,0,NA,0,0,0,0,0,0,0,0,0
2023-07-28,6158,11731441,0,19999,NA,0,6158,0,NA,0,0,0,0,0,0,0,0,0
2023-07-29,0,11731441,0,19999,NA,0,0,0,NA,0,0,0,0,0,0,0,0,0
2023-07-30,0,11731441,0,19999,NA,0,0,0,NA,0,0,0,0,0,0,0,0,0
2023-07-31,0,11731441,0,19999,NA,0,0,0,NA,0,0,0,0,0,0,0,0,0
2023-08-01,0,11731441,0,19999,NA,0,0,0,NA,0,0,0,0,0,0,0,0,0
2023-08-02,0,11731441,0,19999,NA,0,0,0,NA,0,0,0,0,0,0,0,0,0
2023-08-03,0,11731441,0,19999,NA,0,0,0,NA,0,0,0,0,0,0,0,0,0
2023-08-04,5082,11736523,0,19999,NA,NA,5082,NA,NA,NA,0,NA,0,NA,0,NA,0,0
